# DT_test_binary
[[0, 1, 0, 1], [1, 1, 1, 1], [0, 0, 0, 1]]
[[1], [1], [0]]

# Training Set 1
[[0, 1], [0, 0], [1, 0], [0, 0],  [1, 1]]
[[1], [0], [0], [0], [1]]

# Validation Set 1
[[0, 0], [0, 1], [1, 0], [1, 1]]
[[0], [1], [0], [1]]

# Testing Set 1
[[0, 0], [0, 1], [1, 0], [1, 1]]
[[1], [1], [0], [1]]

# Training Set 2
[[0, 1, 0, 0], [0, 0, 0, 1], [1, 0, 0, 0], [0, 0, 1, 1], [1, 1, 0, 1], [1, 1, 0, 0], [1, 0, 0, 1], [0, 1, 0, 1], [0, 1, 0, 0]]
[[0], [1], [0], [0], [1], [0], [1], [1], [1]]

# Validation Set 2
[[1, 0, 0, 0], [0, 0, 1, 1], [1, 1, 0, 1], [1, 1, 0, 0], [1, 0, 0, 1], [0, 1, 0, 0]]
[[0], [0], [1], [0], [1], [1]]

# Testing Set 2
[[0, 1, 0, 0], [0, 0, 0, 1], [1, 0, 0, 0], [0, 0, 1, 1], [1, 1, 0, 1], [1, 1, 0, 0], [1, 0, 0, 1], [0, 1, 0, 1], [0, 1, 0, 0]]
[[1], [1], [0], [0], [1], [0], [1], [1], [1]]

# Write-Up 2
[[1, 1, 1, 0, 1, 1, 0], [0, 0, 1, 1, 0, 1, 1], [0, 1, 0, 0, 1, 0, 0], [1, 1, 0, 1, 0, 0, 1], [1, 0, 1, 0, 1, 1, 1], [1, 1, 0, 1, 1, 0, 1], [1, 1, 0, 0, 1, 1, 0], [0, 0, 0, 1, 0, 1, 1]]
[[1], [1], [0], [1], [0], [1], [1], [0]]

# DT_make_prediction
[[0, 1, 1, 1, 0, 1, 0], [0, 1, 1, 1, 0, 0, 1], [1, 0, 0, 1, 1, 0, 0]]
[[0], [1], [0]]

# Write-Up 3
[[4.8, 3.4, 1.9, 0.2], [5, 3, 1.6, 1.2], [5, 3.4, 1.6, 0.2], [5.2, 3.5, 1.5, 0.2], [5.2, 3.4, 1.4, 0.2], [4.7, 3.2, 1.6, 0.2], [4.8, 3.1, 1.6, 0.2], [5.4, 3.4, 1.5, 0.4], [7, 3.2, 4.7, 1.4], [6.4, 3.2, 4.7, 1.5], [6.9, 3.1, 4.9, 1.5], [5.5, 2.3, 4, 1.3], [6.5, 2.8, 4.6, 1.5], [5.7, 2.8, 4.5, 1.3], [6.3, 3.3, 4.7, 1.6], [4.9, 2.4, 3.3, 1]]
[[1], [1], [1], [1], [1], [1], [1], [1], [0], [0], [0], [0], [0], [0], [0], [0]]